60183678025727
2
3
22
15
46990356857824
51574400922824
0
1
11747589214456
42985439243570
16435726748426
25857855444783
3311090673801
49904885532715
22924753146307
4141333668847
42745493793169
25640910747935
26024857998918
45400075813831
33869819798953
27450566627723
46241491872403
24929181970748
13155975969868
35327236081211
24346083709932
23936773895502
37509538200603
24025255492771
11657749987300
34486050347794
14039740366919
57274374824856
21
0
0
1
2
3
3
4
4
5
6
6
7
8
8
9
9
10
11
12
12
12
16
0
0
1
2
2
3
3
4
5
5
5
6
7
8
8
8
46
82277459928998
4951760157141521099596496896
