5646428529833603710854376801719732121889771686125102421349898409102848702003905102057129871853579459735758942656769724874115169484320460874488881525976727551
2
3
258
161
3676195126152550712125341333729991786453256974714530428110846427965092034575145798462969496047550937672290586925365509573800034404244895129114620134016471493
2258944830023022794075509157297204352628415896114763615376340185864327773857409059051268152599385667617291490921300174276137924414032784087529546284793866621
0
1
2330655913996538605744929533862430977085757165209908212365186209266985184144762725130024841975282599352012382395533808611978800972141339000900875414998299761
4799557604880958481659659890614100179574432738622517719856508853293218469967281091305664442040031011706142079722902337224620858216748541677749047715681012319
3562122649573056550856576656003504073343905153598618584381514685704719122510269041215718553999469434527997023530350125002407862876741997735083415202642981712
5338453874029382716055982424345812218157217726424416576684619517585705480691498667422187661963590606676969137313916511734381416506873429556265790848503142171
3910672771894040325912181830101087719335211191085505773430821864675047934755987962560635119606745362596038225647403018785519366065758496994394615422502293904
4313028520144708568906849236505105383786969449668250838722947352151956607462056088794075072898749370185686380852548377561335291044407297578252083535661214964
4613487199169828665647700016353180547437257036474551101698599559108106330805255957229493139508773083756539741545265522202344737111512861741454445049995282380
3879038411355506726172097399105753269030672778795641272962554167747999878812697276091215140105765966187895285772990220079396371714474631412934259837495212829
1882246174577631540211164382220710393963865547771198637868033145417362565663056257054839871236126707416508923368675199116570825878992361801772358362830163206
3542998146821999059764918554738687324997999260865670683959611998810231295466304831049523777245970547935805771495128931133647373760149876859135617550454786486
2470469716455227175500320232528848089296686592816353097139250590073243490435357922147040317642267218942270027191633402858166807412619787220276529068616690359
4804561002497494699320440858713036710574192679612219055096948133536002976229050859779282761196560842502225183701194244039886526371859125088026404711784309856
917150658555588346522798053229863026468935721979498438850653995465649131612239777829327314764064969702280598816685346278478074286133672876324416341780427621
5245988209643683666116149254333795932653590547747433485028484740787667683119691646816099783028317221204369846856274183931878697592768987711314919744815779425
1708620310559671661204619075403909567772006504176666155170631462700826997404615753626718938488663569203297699172254601472706455424463228171932662877996140107
4021145329539756522603326452741444901600087312185416673872105896440455273135082673483158758287456301672777212281178434804006686571355943198373334541148065563
511186838545799594759607174583630192137830741575066108709807042160376341965715521120621827579823208842088485890641156680325668633997008388985684071085997447
5233018304719788089358631842138238500845072781406020911389131929405569824770137521848940359959413079863550353747574902679828546999514295890943056585913845396
5624311883310976508454941132873897269295801444480019855817909759911617294217105018919034871728511299704635335202118919634860209422631990878447630648851868172
1892766405662582710169058477699337238255807630437926489270559032153726631568927843429702600988957880793733029817648744225494961491345296579182977816518361025
3017373155836491386454371286559501335613982067052047045418212196541879958876180979229422604436674701840926815131281520586669376460524529630519663481858398339
4425197203813002591571877841788215801659554925811272936096622212862025383125118161675120931485848279840145259150568746390947066295367906893786926250633407153
1639915790390545691153962908309276853293895975748178803046852643473545501637409064920906643062207877362513317161228175581774045747374347743998783682283630834
4090946583175867037439662589201006742800708388772679261432831784375168493259778981024259550050485969729914080245630871257229665582740040529602556185382046815
4660560738040250548169846621451163248889122869974676968247961252327626307138676504255724882251870659832174489262547260792529553791132418407821377938495270151
814074441504586389672330330231272879195355008038352466692362928048381182343528535169783349165917465225309158481985581619490270574223872658704566025850073598
257
0
0
1
2
3
3
4
4
5
6
6
7
8
8
9
9
10
11
12
12
12
13
14
14
15
16
17
18
18
18
18
19
20
21
22
22
22
23
24
25
26
27
27
27
27
27
28
29
30
31
32
33
34
34
34
34
34
35
36
37
38
39
40
41
41
41
41
41
41
42
43
44
45
46
47
48
49
50
51
52
52
52
52
52
52
52
52
53
54
55
56
57
58
59
60
61
62
63
63
63
63
63
63
63
63
64
65
66
67
68
69
70
71
72
73
74
75
76
77
78
79
79
79
79
79
79
79
79
79
79
79
79
80
81
82
83
84
85
86
87
88
89
90
91
92
93
94
95
96
97
97
97
97
97
97
97
97
97
97
97
97
98
99
100
101
102
103
104
105
106
107
108
109
110
111
112
113
114
115
116
117
118
119
120
120
120
120
120
120
120
120
120
120
120
120
120
120
120
120
120
121
122
123
124
125
126
127
128
129
130
131
132
133
134
135
136
137
138
139
140
141
142
143
144
145
146
147
148
149
149
149
149
149
149
149
149
149
149
149
149
149
149
149
149
149
149
149
150
151
152
153
154
155
156
157
158
159
162
0
0
1
2
2
3
3
4
5
5
5
6
7
8
8
8
8
9
10
11
12
13
13
13
13
13
13
14
15
16
17
18
19
20
21
21
21
21
21
21
21
21
21
22
23
24
25
26
27
28
29
30
31
32
33
34
34
34
34
34
34
34
34
34
34
34
34
34
34
35
36
37
38
39
40
41
42
43
44
45
46
47
48
49
50
51
52
53
54
55
55
55
55
55
55
55
55
55
55
55
55
55
55
55
55
55
55
55
55
55
55
56
57
58
59
60
61
62
63
64
65
66
67
68
69
70
71
72
73
74
75
76
77
78
79
80
81
82
83
84
85
86
87
88
89
89
89
89
89
89
89
89
89
89
89
89
89
89
89
89
89
89
521
8346062766143512668324136867434521825884331909811804913771000127747398798952317790002066236183263858946614326800771454190511962601693668405509757182166117486
47125446914534694131579097993419809976955095716785201420286055195012674566357244479460731079205201122720511132925006540350105785156086431086764996857554304860885586653967937772270969055149056096849908977391371752266308172471982589601097478449614615258949356272900190565812730839296826751014759649673012612226351104
