9161191555982008052298538759697325872858383005444503030763917191888120427263653604739574602371851919945332710234806205297475768266460658683484318356498713773944703702864057467786913144364234277796785269800198817400814717913480036351
2
3
386
242
5919116809600683185386524515276390702413929209120409378450007541721536238065237703765490695281402440823596142473102058919208684653797738340318336943139029337164146494585321869754965373473130436421231388107776319647232866306778177956
297933100861253429953337194785689230288227839068810370557025352706281503503737277752439865370826825071982305426463701642088199348563255167688815855921067145706263793282140998692112781229425387439879354779894318700852802632686709422
0
1
1479779202400170796346631128819097675603482302280102344612501885430384059516309425941372673820350610205899035618275514729802171163449434585079584235784757334291036623646330467438741343368282609105307847026944079911808216576694544489
74483275215313357488334298696422307572056959767202592639256338176570375875934319438109966342706706267995576356615925410522049837140813791922203963980266786426565948320535249673028195307356346859969838694973579675213200658171677356
997658974520792961042799188188068644980641918126955342274042823022279918164712099661413551644928547022736401042698395501823651993549752783332208787129162415067461702330992804821631835072790651459007731104012282255256169095430113892
8119952025089960547353669595270177837481332985713644135267651430692216242297220151297549931844151151849739030369783960911812607430851655922697606457685076293130512065083696933906514407142570813941224762742289354011810055491045679226
3114190208686246994714702013072784566601336047453468412809137433079621792706255443097584345922802482405084977222900684661136302830371242009714406728613383209188774839284561748177582625355321417820053858007471773415486287256742383764
2181378069347512948795940128423774072682420941388291388070119894182939065774587123590549589637188083172825282224116128338360250941779950299927693584171939029693310271090107140543726246002133814306375654425871735223475506512675095979
6302640772037641063031761924712164551301768421722848020392576666257942741421919625835000492146987647563372549412441789047501025009085832131654036446044000038216205170096303128164318411701420976025871532558177637876767443220798128729
6935057413057478596622460885244266457742996297261580849322305420572161952159681322191002236178413902258933144908076920592306094501210710164501340465488640354271162639733339846003707468974712360366853438496745709153538086492492793584
4253809201427270990071029560824502791044639587168584626130779670904322105611968475961963955589408927623769984798747456262136749650503423571784273648635713704723535646630825506380009078179704732436087612849170935968563625145661408726
4079652088735664997136171556499600468914442124503723327820130158293326360624666357017924098921639352256648136095532433637099877124225514495378757509665273438349111464983499236132918568792902259541382767500781013500510595198431040145
5596234608942740286635018570782932334168350647167364238042189487599892765497073430110443743417632418304363294527773748125807769092082594451417288276851061909273055879660378185280948552948438883304065487126586783037079620629719705171
8463049424016643596306865479383003267789518110190526997449072779714527186217947603724533637363858932600645934134014142955190139144127257030825151067833464403094574851472699885803073594440285717554088398194873430401683392631238670485
3173793602161240881339875434671294390603785822628097033427749843969444682347125309961130922644805314372233155586828643306127757194877104495723301940637576491684888312384894189870641857971597592815477950873962626729241132709677811656
795598422038659381306509840637856102170968657165402656284777159582617413760176558588171740730861857877070115917513751117089959201361875432595117565573173699845260179905260557172207581284218036315612524248758500010574615258617519125
7562893978103147718372857412835281632878603804009098175208774066749890536390732636192740837455243862623388617120400794300494757877265875289639244348282820919517822796618359005016695294917768765987831410748168650627591219907582975026
3048580129544281752809309779490185558563151609449387719591086575668225755901471938366682608170200957254569199130774328567760600848365654776383901217772731244954774034400381393832037460149267163359709467345529931039505638491436961054
8002917031343497536477428992087669571108835805894505190676503527639216180588897267439963018341642367807618707432078266462492399890257358260430380327751942801149491601912258100318521156928576865313371171996005902195947124718946799690
2706007159980407061005671944212246289461313414864665996163121059489506029554437914915530486956147057431994002373867489191119461693543756854765163927104701596583070191501082260207990182227840550378234698527168440622307994562197846742
8420260974964853370511908124559636795440343746854686428869499743852696285872786282711523180836081694851167174659159253586417697130618176826183433511018976724626348316237656140775184221180423439879035320781224508092492730871210449199
8802629696235560562805556254832502467234254465930084100433342800605195416152092949859542071343546044195741639580556396473368977862971267068476812081203629626480917697679692306910762362269643848558654258117137954879191927604059406852
7853416452870133430268903309530420633882467213609410513263977040642207165241757799883742116624665520659781362364112428003137686310691614172801348576266939649541855002081088003524223983073858791097737385701090622561391507660332595767
2792469207648080627984239715724477383713118186401676616944805077673341264889519427503162913141711005070037836716480955367381657415037577341659642878550954204877895850154620717159354939992909460392345568406484317056508740834470056746
1575308885312480965178963249095201707144834758144669970963919985262630901076285374252165762681335800975090901461933118269587774885236073332900118002474795346338007127515262051709195701997766614596088217810618824612347332500879579637
211528958360815130830552788957825056612551287566882382882887791223913845103640095379252480832422692520932618459079919857791314325426386895656900068984916306284909128807724687633165757592274729428282625608412636108565506920000621516
6353120841567526666958676279615771409976999152474656184252770873278957735735361309794952721014935586259387307981068223333715336890398278489008391233885876670511683141177298685837286960059681439308082524671410446666879672315108140079
5310070530520057964193508770208424720219257302597659406062958025309796051275245914863502784770501171447190372961636241812332019233449097648558928972071376334072411029979245093386996610087991097607584182178075152722719342447626201027
385
0
0
1
2
3
3
4
4
5
6
6
7
8
8
9
9
10
11
12
12
12
13
14
14
15
16
17
18
18
18
18
19
20
21
22
22
22
23
24
25
26
27
27
27
27
27
28
29
30
31
32
33
34
34
34
34
34
35
36
37
38
39
40
41
41
41
41
41
41
42
43
44
45
46
47
48
49
50
51
52
52
52
52
52
52
52
52
53
54
55
56
57
58
59
60
61
62
63
63
63
63
63
63
63
63
64
65
66
67
68
69
70
71
72
73
74
75
76
77
78
79
79
79
79
79
79
79
79
79
79
79
79
80
81
82
83
84
85
86
87
88
89
90
91
92
93
94
95
96
97
97
97
97
97
97
97
97
97
97
97
97
98
99
100
101
102
103
104
105
106
107
108
109
110
111
112
113
114
115
116
117
118
119
120
120
120
120
120
120
120
120
120
120
120
120
120
120
120
120
120
121
122
123
124
125
126
127
128
129
130
131
132
133
134
135
136
137
138
139
140
141
142
143
144
145
146
147
148
149
149
149
149
149
149
149
149
149
149
149
149
149
149
149
149
149
149
149
150
151
152
153
154
155
156
157
158
159
160
161
162
163
164
165
166
167
168
169
170
171
172
173
174
175
176
177
178
179
180
181
182
183
183
183
183
183
183
183
183
183
183
183
183
183
183
183
183
183
183
183
183
183
183
183
183
184
185
186
187
188
189
190
191
192
193
194
195
196
197
198
199
200
201
202
203
204
205
206
207
208
209
210
211
212
213
214
215
216
217
218
219
220
221
222
223
224
225
226
227
228
228
228
228
228
228
228
228
228
228
228
228
228
228
228
228
228
228
228
228
228
228
228
228
228
228
228
228
228
228
229
230
231
232
233
234
235
243
0
0
1
2
2
3
3
4
5
5
5
6
7
8
8
8
8
9
10
11
12
13
13
13
13
13
13
14
15
16
17
18
19
20
21
21
21
21
21
21
21
21
21
22
23
24
25
26
27
28
29
30
31
32
33
34
34
34
34
34
34
34
34
34
34
34
34
34
34
35
36
37
38
39
40
41
42
43
44
45
46
47
48
49
50
51
52
53
54
55
55
55
55
55
55
55
55
55
55
55
55
55
55
55
55
55
55
55
55
55
55
56
57
58
59
60
61
62
63
64
65
66
67
68
69
70
71
72
73
74
75
76
77
78
79
80
81
82
83
84
85
86
87
88
89
89
89
89
89
89
89
89
89
89
89
89
89
89
89
89
89
89
89
89
89
89
89
89
89
89
89
89
89
89
89
89
89
89
89
90
91
92
93
94
95
96
97
98
99
100
101
102
103
104
105
106
107
108
109
110
111
112
113
114
115
116
117
118
119
120
121
122
123
124
125
126
127
128
129
130
131
132
133
134
135
136
137
138
139
140
141
142
143
144
144
144
144
144
144
144
144
144
144
771
16838420458768654269300254701325498672688458746802038238057283092420006203530163046228283337385474898629873305248721956654440347960565061334514122820234808863703748726044030962932432678186459043816836007443182510851462332343468796300
154259995322946085669127462785812103226373967868524092887019202500176473061875404842821441542870147178460721041976832306423194686642877332798055231225009577693133653720424014385330052986731615979318114760792820483686230134905894343005528775814368509759860201045907243368286294738023515418354826493938295703703614022990181884355470848740016540805157093622457663597753106142505384395616964083511896011664672399807541625517182144801653972761678911158848304661716271104
