1257793664368813756799286515150930169649647613718155425053997765413044223
2
3
110
77
968003720737321380569877839003699973988966294393438767495604243076885226
1067894721433785541167411632504793937246389963960814062503869037834173932
0
1
870897762368737223542112717326390078322065380457437404400899943475743418
895870512542853263691496165701663569136421297849281228152966142165065595
57427975966030970993162755468424317995128079725890300810267025793295007
1124912214061626813609332723356584425838265248961093806847398204796041229
318552874316609059338061124479769085968902198972059503361322542767522703
376354525648484528621142389922983179678926029054723499906734801735623323
471408700941029764558404210792610527963920484556104296709761273879792214
923765798143675486567178725761688146955536210184716082448917265404765328
784336810708894161568659023641720244696584410120560572837946724469578868
45718539793690212102425590475517545681317390249047583258539059316843550
75595133364892610480122592869342922962686445546076141179870916372573277
1062621134365357702299918984591464628311733362776776312681715582323209541
980507817961601777759427724132431479686484248232595867101588772939043827
983712385711818024610110046585582261387925345055719283614463418750667672
311548827538477711241353639796739417707559183779802283779878590416755841
1201811712181960946465149998839912024809153530486867620530725636689541399
413557144832078219664189787645468436757518243173381344072250903698398144
49490661523635480261577694861672272045838025509825639787352476082263270
71458177146862809369072630650756748777632517295537540966782743412482683
1041568253557223753506454444744135417388164942010542368197107225946145842
438606435969715349248961373959254696904732428366253922802779609685770373
757865983588964435021099571734587697620133165899841597362478321350091908
593913240642708868186112314854396493743548765848658019337476035081924952
1087483604355384538152155406912150743914927453143096888708455399107114064
1251236420032511631270008950826131543478153191018366413186471624340120493
718173269648679340421645495354135607035003864640327473350405482437944006
109
0
0
1
2
3
3
4
4
5
6
6
7
8
8
9
9
10
11
12
12
12
13
14
14
15
16
17
18
18
18
18
19
20
21
22
22
22
23
24
25
26
27
27
27
27
27
28
29
30
31
32
33
34
34
34
34
34
35
36
37
38
39
40
41
41
41
41
41
41
42
43
44
45
46
47
48
49
50
51
52
52
52
52
52
52
52
52
53
54
55
56
57
58
59
60
61
62
63
63
63
63
63
63
63
63
64
65
66
67
78
0
0
1
2
2
3
3
4
5
5
5
6
7
8
8
8
8
9
10
11
12
13
13
13
13
13
13
14
15
16
17
18
19
20
21
21
21
21
21
21
21
21
21
22
23
24
25
26
27
28
29
30
31
32
33
34
34
34
34
34
34
34
34
34
34
34
34
34
34
35
36
37
38
39
40
41
42
43
240
2481924212810014948814389756044399206753516397980470672153096209713844514
3121748550315992231381597229793166305748598142664971150859156959625371738819765620120306103063491971159826931121406622895447975679288285306290176
