21452313515032302528333354532338298091539147241029631
2
3
41
81
19429630677221279908920328484879223392982349237601572
21235643741827895999924274814254556386100865848150552
0
1
4857407669305319977230082121219805848245587309400393
16035067692973125264147745969732788142294790082552454
5769607839634554014532564211662533964502743963348115
16282583628634794134142919743825645760668135176846308
7564607941938794066334763649093942696905371892851071
13105376769109161430653938189031850835431064524006175
13246345972830842349283823218996989211685421400770275
3169096610240126697355956196102490827862854449653314
20324451741327501202423321379619763816099531141668307
18449721290202537809277021707818047673773482100971749
6591766662002807696528200180109160840434388110060427
2245277159682368628705717627293505183915357229807796
12705872849395006574114936843490350982818852693521622
13782846955844035016850594553562729655677718074011907
9377240086215496070836748096654041362312060099528638
3270593469810774915881920669184927793961628767673411
11093716550603683857685241874950091659897973577975694
5281553056732828682774701591595121419843992482944877
12412415218893090607860568279068446930624927270933104
10677554694059953783554424182410585247805091555837377
6777631148296926168294825884455430201868305498234626
21425833341077997140016572590386079406079803630492884
6703743190017972668426470360105692990763278580425165
6504633665813333711340659822194969175212584045576264
10343952063335822757863089660779309278249425503051245
6593076874486400245581773656604609504916358103010412
40
0
0
1
2
3
3
4
4
5
6
6
7
8
8
9
9
10
11
12
12
12
13
14
14
15
16
17
18
18
18
18
19
20
21
22
22
22
23
24
25
82
0
0
1
2
2
3
3
4
5
5
5
6
7
8
8
8
8
9
10
11
12
13
13
13
13
13
13
14
15
16
17
18
19
20
21
21
21
21
21
21
21
21
21
22
23
24
25
26
27
28
29
30
31
32
33
34
34
34
34
34
34
34
34
34
34
34
34
34
34
35
36
37
38
39
40
41
42
43
44
45
46
47
174
26727870334159364448107442964681666125733852682505008
573374653997517877902705223825521735199141247292070280934397209846730719022121202017504638277531421638656
