3952790077547692866453836452998556861528529182094246413561618422155968511
2
3
121
73
2850943578363982399436795917144222695596556980118720185038996394840724516
170401089506394526896244533263627992653079730291328794978377104135266490
0
1
712735894590995599859198979286055673899139245029680046259749098710181129
42600272376598631724061133315906998163269932572832198744594276033816623
2637142468814655457021470979530496466154988711820275604785715355157038031
3894066262177936483753716744701593029720895678569573956170914466529781758
3081365575898838952754096015242179553968680881386523361917543495353325524
1844815065243224404459810364803903544768833864329416761750019570449230722
3173301704627222431870096228415107295846337457481206183365442487465460212
3551315091984072670659300148724275710339650135456610820031572406012764068
2500119065532630738567247261060323041406002076649306201925606156828425488
3856741411249906711553292963244751192609388986106967292422682845266822843
3894334408729329421878862036213178202144159546476332033789997929088773509
2378942039847541047466948755009491422350529865701574796356096581274817511
2979537717378558478643808971002761843490631540829353018227098932214881441
3860052601040088892398418493633405427351125970838807685147673214091801521
3682160535595575468708517963667143010883775342746219095909162589792676155
1425874002728484745820379178384853682319922049889218544094856414843633413
1978340058599521907031214955273721835630081874516526082971509079695984688
2291659164520084703761333753675794110619745215985234709799355199866622726
1494504443052925441219917360584241237058056650662427143453578111631212697
2775207894648873404056281351249100775486370465088902473044221092947704879
734622051078445372628510816803297054274342535236150757969361291483152053
1856999011143395015129369467155575146726074217406674776340424034010688705
443086582204708098339010531301581364328616721663830303122623898842829664
573037506083219725056257750946903240595595158129762138863867024838930465
3239126556590364782744874787942698508678721554407320860417243462964037860
2160406089422310238643084163537253853157501059310790707579998789598773604
120
0
0
1
2
3
3
4
4
5
6
6
7
8
8
9
9
10
11
12
12
12
13
14
14
15
16
17
18
18
18
18
19
20
21
22
22
22
23
24
25
26
27
27
27
27
27
28
29
30
31
32
33
34
34
34
34
34
35
36
37
38
39
40
41
41
41
41
41
41
42
43
44
45
46
47
48
49
50
51
52
52
52
52
52
52
52
52
53
54
55
56
57
58
59
60
61
62
63
63
63
63
63
63
63
63
64
65
66
67
68
69
70
71
72
73
74
75
76
77
78
74
0
0
1
2
2
3
3
4
5
5
5
6
7
8
8
8
8
9
10
11
12
13
13
13
13
13
13
14
15
16
17
18
19
20
21
21
21
21
21
21
21
21
21
22
23
24
25
26
27
28
29
30
31
32
33
34
34
34
34
34
34
34
34
34
34
34
34
34
34
35
36
37
38
39
242
12636131903074284204954512049860991273872572655485088077648771434185862492
49947976805055875702105555676690660891977570282639538413746511354005947821116249921924897649015871538557230897942505966327167610868612564900642816
