243981979823733125241963289196400078016141436785132945844025601581577899963642839688315602639336587720097948235186262202061595753384899478753270378090025522743042477355063465416878451770948641243048301187073164646872846950384348312611563584737243370338743200252191739551835197869939090762081467333776497132437503
2
3
514
323
135373176056551133883373280744594680149564537615719699826370261653081406648917813730307733607068737294014231786361859780517219547913066795764683162995680726903698738908801699835674477533763353665619424470054375861252297740788295483301150346933378575640431343184954813560625559901379135068262460090276869574527037
105697701492632482207483086388503595173288303341064250371202288362723553611938570458240364435184257547049618350432487193442058419556926596712448812529413884463177698654774691759953447596699034675692255704223218448797198345378968905053147714600283191065734196103312063791274053691045197586566733956681481397568453
0
1
94838788970071064781334142485248689541426493600213161417598965808664826653140163354655834061601331253528045005387030495644703825324491568629488385271426562411685304065966291313138232326177998727166931414281885127031286172793160948978178482917655486494793635859286638278115189442829556457585981856013341676741135
209410910240957964483343238494425957305428153424115771975819773276864313375716772380796793088298505176835865763997818449906711419927906258243064986699872613173076282679991272002647200727386239601209289816360678097353934799133003460721959617203003325520490949214971820611694911825215617468202783989502743198720241
86216663339972345206196686070186010987818272314431292746346111491173231367599685656565991075739965609694525687636291268282838952380458687569841646469148210387578297693576088584921867773637279749892854282037703636537136129152922755700474034399941424588795737755899450938658247418481729017527615639668291038923972
75342032551633589418188579922546078158323744767325461441208175583630817022522514942019556308364893351733964204531968312504358091329679568270127523476788913469117356035090244577803081752775609619972385894345431675157893597363912102186060839221863137495127630161678359157339366393174717835945818879853376808853703
74202285922123034631439315587981698347065170906898391281122783259654097301354442408844081630812095322435295518290471855053877874961653474113763656038124994082300495267210275894494873322484121688386405506943074800445838914295597172404138737404564472226884000315399101316011919785033268179978333314791559338750576
47836443489897690000032625489484108992909258299559630787823450373999785870709606786202752206720043098133935400283008730645240103258513972750753542899226566271378667452447564045265054244360747829047671357041297771580505267630465557617237181984019532291902574149219432876294850207175616273264932162241641836522855
7314548990037075264939367575903832611298728248703756413984954900127969878224223352636870913741815333915339294769652074571324324352829936514779899110015005140564443391000389349278632225416245540308238226634024913410828776830706060266622401294032964598118018233538996036794407833168656812298202480229107270187361
159642892518146272299366767132700647037573587250145152760525356934700645515632339347644135898179346642278991636974623987511681696122584923539062645307303244392191037516284141189165195810214444109061319321937461819544950713231735495927245416725079676898425576346277678610980292260218725613521974987310953248100099
29071644071581083244920622583492831745819853049694073351364577905188267113771583066197386044482271981872559693262449433394139502206011360164511629531492652120973584416861970960459987071839072918517340443959375682239683777052419400845609425256065027100428026220474109984225837197214253416867122653622438331650578
192904609553054998192217847391512617785250143193278317999067706864148918621707645174764434952786951731160204111563830652479321495521848244937402979021613100240190478789613929639061975119625809396410636099280729344249685894204654885397494437259331258495296990612311395675410619234123681843487415392830209885171091
217575232066073506508694036930641671802300875525395538357796104688774667360789650219307959569523482930655094255306408413050324039984613910101254587125747508189867448448747972130004528947185267047278374425353534196353255767781604966525942955004422710020904700758194550047730439394940685557863958574924382424218802
12681157027131633527054972506845889228557770952190014322566600644967797595982095995868641793831854407707716354424386576000321992424413295965746358281226549109133185900327748397186582497534879284623522996557691937174811980203401375911294884011838465299757838057519663032144700732078452429770592872193363113011909
34305807858565673747028817810123100334911126141548886488704623216512289084014331003968486806203277964663052771724474587193868182118917265911846354357328414745013231085732882966063790752321863309303960009193696353051472937781778435433725458711510309285903030432168218477735817887468415499639911806011287957747162
227126372893761064509499367531622858955109576616805408796596941047455585392258854697699360635269181179590771513383696047324239286221310347959946930494820727551118969643824970982821673627697175792042522635082837347475719112346419036523355198527566288059687563787341102546294560002095398907562094343143516801858459
25007663248937126950682416769170837008788101740664622041417072816428674407454590367717943718155136464449211761926196224117319263803008698199274080779998246381647441262326313097667775142253448644058821686095012731304309914428269209454363506137887484939239481364429578129362823163557315904703087540175086713332560
26534633635669279619187003903784063324121826576016710980201809983613026187433608481420309627054844400859091381008371618520095504836794857118656117099766469084488852729731492027057632223432973186323516007880178349198675773995942828813989837778851576938797090376354907245969231370026030506188423165456552016877879
21482785615771221842573692858976382827922070985567195103795268423032478296609102525421736436554596421264534511185805636260693240047344515012296087016000104111528391452556283011779961254192497256640733758943813226211080397838405428767685847045984792253954976551724630157985451650406040523506914164432337248465511
188800671012601645458659336972378387211765838308558223101929959443690960855122557898006004586511083445295604229413073356461143617699290866160500385202639759019179739026754417976559575895316435106518610002297056976242189160271423201968520527120607125955239390968394700843711828583986130978485687216549388491822717
8166589301860317147143233182532429353975264812241065834441000253412710709532123915831361477679397481861782470924025357645095956125697518005955106682162784063011560629152988501803999880955866959157150543188406997450260345579390245585945179449719305958852738511754507134281846685814450595396753028066360452891044
4062108273042112502714734787419990702756410348745743667658083440690755191246253511225768268131400871510715216843666409816274232893904426597542755932905348655043867193992651285102010403068544995856525259666271781959969652324801217408863148819249718661585150313597065010049201814254859884110589482721342532119112
14993699358543256619257068700833710916380626448264747876832167845374463348886858398242558626642269046713639254483735497641773447801968422844343279476646915957474505556966511728752962647378565978020031558517456376953384206335004483867262669974963289790669554738587801870931821643348959502554090559181217586171668
181883662634971796226256548689535076596994759160564578920388337144108187880978323006337700561820477451094714368211067295067699281375284037028811367758036602092667451316310495139590342812492517706259002680589397262782767578454451457230284111437830879298673167352677000898833789449252255536800867981254570706464451
203335339211092510467114616917338052151275007895173340038826566381443602509800501584748160911764161277429463797869135376140373579617923949876023247898658161366499836194167410804459515840927974881263866934023854015857708816696708344956462371981507537926484479946587845317911894556002813335318975820544289805712589
38930177945664440436893514129018914997949361655910809102881602703845433566796688977493438545933084885393693648160838609132049411102914553758287810251294265936701205455104678169821691304048672207036940229549286296937515310528104840421525271723694018432956912560496252347195870433734589206266250013397172045991829
213339071858702454509109371400617898655778638492112560212225315251143707632274032938342136999358645914233003415875646156638297775695542656829303778235503994397896440522463032344638546856785041574039575299243489089677742399771028361036642614681108303618966798827365567229157808039456176957070460935383780935053814
47690786329871878086808730572444223956720085723107246124017134940152292491004545831722190224677899492914458032039728528549436956380046556206081939365991624764178723316069804730154865365036420230198929003455938939418367793490192040698887534055724618978333915880184535040407816915253167103059100862992720890999523
513
0
0
1
2
3
3
4
4
5
6
6
7
8
8
9
9
10
11
12
12
12
13
14
14
15
16
17
18
18
18
18
19
20
21
22
22
22
23
24
25
26
27
27
27
27
27
28
29
30
31
32
33
34
34
34
34
34
35
36
37
38
39
40
41
41
41
41
41
41
42
43
44
45
46
47
48
49
50
51
52
52
52
52
52
52
52
52
53
54
55
56
57
58
59
60
61
62
63
63
63
63
63
63
63
63
64
65
66
67
68
69
70
71
72
73
74
75
76
77
78
79
79
79
79
79
79
79
79
79
79
79
79
80
81
82
83
84
85
86
87
88
89
90
91
92
93
94
95
96
97
97
97
97
97
97
97
97
97
97
97
97
98
99
100
101
102
103
104
105
106
107
108
109
110
111
112
113
114
115
116
117
118
119
120
120
120
120
120
120
120
120
120
120
120
120
120
120
120
120
120
121
122
123
124
125
126
127
128
129
130
131
132
133
134
135
136
137
138
139
140
141
142
143
144
145
146
147
148
149
149
149
149
149
149
149
149
149
149
149
149
149
149
149
149
149
149
149
150
151
152
153
154
155
156
157
158
159
160
161
162
163
164
165
166
167
168
169
170
171
172
173
174
175
176
177
178
179
180
181
182
183
183
183
183
183
183
183
183
183
183
183
183
183
183
183
183
183
183
183
183
183
183
183
183
184
185
186
187
188
189
190
191
192
193
194
195
196
197
198
199
200
201
202
203
204
205
206
207
208
209
210
211
212
213
214
215
216
217
218
219
220
221
222
223
224
225
226
227
228
228
228
228
228
228
228
228
228
228
228
228
228
228
228
228
228
228
228
228
228
228
228
228
228
228
228
228
228
228
229
230
231
232
233
234
235
236
237
238
239
240
241
242
243
244
245
246
247
248
249
250
251
252
253
254
255
256
257
258
259
260
261
262
263
264
265
266
267
268
269
270
271
272
273
274
275
276
277
278
279
280
280
280
280
280
280
280
280
280
280
280
280
280
280
280
280
280
280
280
280
280
280
280
280
280
280
280
280
280
280
280
280
280
280
280
281
282
283
284
285
286
287
288
289
290
291
292
293
294
295
296
297
298
299
300
301
302
303
304
305
306
307
308
309
310
311
312
313
314
315
316
317
318
319
320
321
322
323
324
325
326
327
328
329
324
0
0
1
2
2
3
3
4
5
5
5
6
7
8
8
8
8
9
10
11
12
13
13
13
13
13
13
14
15
16
17
18
19
20
21
21
21
21
21
21
21
21
21
22
23
24
25
26
27
28
29
30
31
32
33
34
34
34
34
34
34
34
34
34
34
34
34
34
34
35
36
37
38
39
40
41
42
43
44
45
46
47
48
49
50
51
52
53
54
55
55
55
55
55
55
55
55
55
55
55
55
55
55
55
55
55
55
55
55
55
55
56
57
58
59
60
61
62
63
64
65
66
67
68
69
70
71
72
73
74
75
76
77
78
79
80
81
82
83
84
85
86
87
88
89
89
89
89
89
89
89
89
89
89
89
89
89
89
89
89
89
89
89
89
89
89
89
89
89
89
89
89
89
89
89
89
89
89
89
90
91
92
93
94
95
96
97
98
99
100
101
102
103
104
105
106
107
108
109
110
111
112
113
114
115
116
117
118
119
120
121
122
123
124
125
126
127
128
129
130
131
132
133
134
135
136
137
138
139
140
141
142
143
144
144
144
144
144
144
144
144
144
144
144
144
144
144
144
144
144
144
144
144
144
144
144
144
144
144
144
144
144
144
144
144
144
144
144
144
144
144
144
144
144
144
144
144
144
144
144
144
144
144
144
144
144
144
144
144
145
146
147
148
149
150
151
152
153
154
155
156
157
158
159
160
161
162
163
164
165
166
167
168
169
170
171
172
173
174
175
176
177
178
179
