13278338917780691403163453935679248163066204141424819568321422575495838416502783
2
3
130
81
11321811069926209290402211868101848086073149922705387004352517490212597752462791
3753988609274009859221686961700986298825059422475861366380982254531164699390608
0
1
12789206955817070874973143418784898143817940586744961427329196304175028250492785
7577666611208848166387148708264870656239366926331375125755956851380710383099044
2945129509088952876492668525910070878579147844553902633321567698093104937568253
9924127286454873875366256799741678921568274961262349082935618533001962042254677
3486320399265478078831100584557888576079866549968177747138620822574808094382342
1924757214090916762065161535895045589581408082731550316187429125200127185951858
9870858737709361120539382226336711633784565784266182694991645621637388254665659
4676616702083835268610419145949342514625664987647184762678237071542746796007302
833782418584028158947108425662901539400786152684611152133522115851391219295337
4031591186135303697868565558308354001632512955745182609724343678498158250139704
8354571148970214479287651607720281833852109421183364416876126288604736749330297
12423723661081352804997888912947871725664948045475764104809685837157364104138500
10162069431717364315295486703691832324877898799867830547084795256838560297826097
2129356818028937764368869804299332737850265909979809778154339703545006655392866
5927607888479420305457823959966906988135142516036420899631678437455048311530342
12163304289095446424339106060268464685718506665678671841387940898549219678659709
5460186453361649080422211948659421297969385622547038702555236388136779855316520
7591647528758368588181188698756120677470197905277564656484559394389336334180360
289301937152709219906431333180599186775150971325480063411883088522832366163206
4179939832964842076422301676779244452901962474506810271809203939007044299565576
11558777793080685219116917367739936062162887410576834486465691765142401747727479
7012709973780128387095371617362210887340627766502235667004567535848452327866224
10610394934430115278783525299123184953989792011011309222045518769269974216843310
597932825327409446029108067293404942270926945443064656356537300398131933519287
4951807430977357538230185425254267790957587668264586646903796226788734312164983
7901598924831872588949512505504760580236869875424443532342831331565579794044733
129
0
0
1
2
3
3
4
4
5
6
6
7
8
8
9
9
10
11
12
12
12
13
14
14
15
16
17
18
18
18
18
19
20
21
22
22
22
23
24
25
26
27
27
27
27
27
28
29
30
31
32
33
34
34
34
34
34
35
36
37
38
39
40
41
41
41
41
41
41
42
43
44
45
46
47
48
49
50
51
52
52
52
52
52
52
52
52
53
54
55
56
57
58
59
60
61
62
63
63
63
63
63
63
63
63
64
65
66
67
68
69
70
71
72
73
74
75
76
77
78
79
79
79
79
79
79
79
79
79
82
0
0
1
2
2
3
3
4
5
5
5
6
7
8
8
8
8
9
10
11
12
13
13
13
13
13
13
14
15
16
17
18
19
20
21
21
21
21
21
21
21
21
21
22
23
24
25
26
27
28
29
30
31
32
33
34
34
34
34
34
34
34
34
34
34
34
34
34
34
35
36
37
38
39
40
41
42
43
44
45
46
47
